{"Replay 4":[{"pos":[-952.9736328125,171.9998779296875,888.7709350585938,-0.04514651745557785,0,-0.9989804029464722,0,1,0,0.9989804029464722,0,-0.04514651745557785]},{"pos":[-952.9736328125,171.9998779296875,888.7709350585938,-0.04514651745557785,0,-0.9989804029464722,0,1,0,0.9989804029464722,0,-0.04514651745557785]},{"pos":[-952.9736328125,171.9998779296875,888.7709350585938,-0.04514651745557785,0,-0.9989804029464722,0,1,0,0.9989804029464722,0,-0.04514651745557785]},{"pos":[-952.9736328125,171.9998779296875,888.7709350585938,-0.04514651745557785,0,-0.9989804029464722,0,1,0,0.9989804029464722,0,-0.04514651745557785]},{"pos":[-952.9736328125,171.9998779296875,888.7709350585938,-0.04514651745557785,0,-0.9989804029464722,0,1,0,0.9989804029464722,0,-0.04514651745557785]},{"pos":[-952.9736328125,171.9998779296875,888.7709350585938,-0.04514651745557785,0,-0.9989804029464722,0,1,0,0.9989804029464722,0,-0.04514651745557785]},{"pos":[-952.9736328125,171.9998779296875,888.7709350585938,-0.04514651745557785,0,-0.9989804029464722,0,1,0,0.9989804029464722,0,-0.04514651745557785]},{"pos":[-952.9736328125,171.9998779296875,888.7709350585938,-0.04514651745557785,0,-0.9989804029464722,0,1,0,0.9989804029464722,0,-0.04514651745557785]},{"pos":[-952.9736328125,171.9998779296875,888.7709350585938,-0.04514651745557785,0,-0.9989804029464722,0,1,0,0.9989804029464722,0,-0.04514651745557785]},{"pos":[-952.9736328125,171.9998779296875,888.7709350585938,-0.04514651745557785,0,-0.9989804029464722,0,1,0,0.9989804029464722,0,-0.04514651745557785]},{"pos":[-952.9736328125,171.9998779296875,888.7709350585938,-0.04514651745557785,0,-0.9989804029464722,0,1,0,0.9989804029464722,0,-0.04514651745557785]},{"pos":[-952.9736328125,171.9998779296875,888.7709350585938,-0.04514651745557785,0,-0.9989804029464722,0,1,0,0.9989804029464722,0,-0.04514651745557785]},{"pos":[-952.9736328125,171.9998779296875,888.7709350585938,-0.04514651745557785,0,-0.9989804029464722,0,1,0,0.9989804029464722,0,-0.04514651745557785]},{"pos":[-952.9736328125,171.9998779296875,888.7709350585938,-0.04514651745557785,0,-0.9989804029464722,0,1,0,0.9989804029464722,0,-0.04514651745557785]},{"pos":[-952.9736328125,171.9998779296875,888.7709350585938,-0.04514651745557785,0,-0.9989804029464722,0,1,0,0.9989804029464722,0,-0.04514651745557785]},{"pos":[-952.9736328125,171.9998779296875,888.7709350585938,-0.04514651745557785,0,-0.9989804029464722,0,1,0,0.9989804029464722,0,-0.04514651745557785]},{"pos":[-952.9736328125,171.9998779296875,888.7709350585938,-0.04514651745557785,0,-0.9989804029464722,0,1,0,0.9989804029464722,0,-0.04514651745557785]},{"pos":[-952.9736328125,171.9998779296875,888.7709350585938,-0.04514651745557785,0,-0.9989804029464722,0,1,0,0.9989804029464722,0,-0.04514651745557785]},{"pos":[-952.9736328125,171.9998779296875,888.7709350585938,-0.04514651745557785,0,-0.9989804029464722,0,1,0,0.9989804029464722,0,-0.04514651745557785]},{"pos":[-952.9736328125,171.9998779296875,888.7709350585938,-0.04514651745557785,0,-0.9989804029464722,0,1,0,0.9989804029464722,0,-0.04514651745557785]},{"pos":[-952.9736328125,171.9998779296875,888.7709350585938,-0.04514651745557785,0,-0.9989804029464722,0,1,0,0.9989804029464722,0,-0.04514651745557785]},{"pos":[-952.9736328125,171.9998779296875,888.7709350585938,-0.04514651745557785,0,-0.9989804029464722,0,1,0,0.9989804029464722,0,-0.04514651745557785]},{"pos":[-952.9736328125,171.9998779296875,888.7709350585938,-0.04514651745557785,0,-0.9989804029464722,0,1,0,0.9989804029464722,0,-0.04514651745557785]},{"pos":[-952.9791259765625,171.9996337890625,887.6353149414063,-0.04514651745557785,0,-0.9989804029464722,0,1,0,0.9989804029464722,0,-0.04514651745557785]},{"pos":[-952.9791259765625,171.99652099609376,887.6353149414063,-0.04514789953827858,0,-0.9989803433418274,0,1,0,0.9989803433418274,0,-0.04514789953827858]},{"pos":[-952.9791259765625,171.99900817871095,887.6353149414063,-0.04514789953827858,0,-0.9989803433418274,0,1,0,0.9989803433418274,0,-0.04514789953827858]},{"pos":[-952.9791259765625,171.99945068359376,887.6353149414063,-0.04514789953827858,0,-0.9989803433418274,0,1,0,0.9989803433418274,0,-0.04514789953827858]},{"pos":[-952.9791259765625,171.99957275390626,887.6353149414063,-0.04514789953827858,0,-0.9989803433418274,0,1,0,0.9989803433418274,0,-0.04514789953827858]},{"pos":[-952.9791259765625,171.99960327148438,887.6353149414063,-0.04514789953827858,0,-0.9989803433418274,0,1,0,0.9989803433418274,0,-0.04514789953827858]},{"pos":[-952.9791259765625,171.99960327148438,887.6353149414063,-0.04514789953827858,0,-0.9989803433418274,0,1,0,0.9989803433418274,0,-0.04514789953827858]},{"pos":[-952.9791259765625,171.99960327148438,887.6353149414063,-0.04514789953827858,0,-0.9989803433418274,0,1,0,0.9989803433418274,0,-0.04514789953827858]},{"pos":[-952.9791259765625,171.99960327148438,887.6353149414063,-0.04514789953827858,0,-0.9989803433418274,0,1,0,0.9989803433418274,0,-0.04514789953827858]},{"pos":[-952.9791259765625,171.99960327148438,887.6353149414063,-0.04514789953827858,0,-0.9989803433418274,0,1,0,0.9989803433418274,0,-0.04514789953827858]},{"pos":[-952.9791259765625,171.99960327148438,887.6353149414063,-0.04514789953827858,0,-0.9989803433418274,0,1,0,0.9989803433418274,0,-0.04514789953827858]},{"pos":[-952.9791259765625,171.99960327148438,887.6353149414063,-0.04514789953827858,0,-0.9989803433418274,0,1,0,0.9989803433418274,0,-0.04514789953827858]},{"pos":[-952.9791259765625,171.99960327148438,887.6353149414063,-0.04514789953827858,0,-0.9989803433418274,0,1,0,0.9989803433418274,0,-0.04514789953827858]},{"pos":[-952.9791259765625,171.99960327148438,887.6353149414063,-0.04514789953827858,0,-0.9989803433418274,0,1,0,0.9989803433418274,0,-0.04514789953827858]},{"pos":[-952.9791259765625,171.99960327148438,887.6353149414063,-0.04514789953827858,0,-0.9989803433418274,0,1,0,0.9989803433418274,0,-0.04514789953827858]},{"pos":[-952.9791259765625,171.99960327148438,887.6353149414063,-0.04514789953827858,0,-0.9989803433418274,0,1,0,0.9989803433418274,0,-0.04514789953827858]},{"pos":[-952.9791259765625,171.99960327148438,887.6353149414063,-0.04514789953827858,0,-0.9989803433418274,0,1,0,0.9989803433418274,0,-0.04514789953827858]},{"pos":[-952.9791259765625,171.99960327148438,887.6353149414063,-0.04514789953827858,0,-0.9989803433418274,0,1,0,0.9989803433418274,0,-0.04514789953827858]},{"pos":[-952.9791259765625,171.99960327148438,887.6353149414063,-0.04514789953827858,0,-0.9989803433418274,0,1,0,0.9989803433418274,0,-0.04514789953827858]},{"pos":[-952.9791259765625,171.99960327148438,887.6353149414063,-0.04514789953827858,0,-0.9989803433418274,0,1,0,0.9989803433418274,0,-0.04514789953827858]},{"pos":[-952.9791259765625,171.99960327148438,887.6353149414063,-0.04514789953827858,0,-0.9989803433418274,0,1,0,0.9989803433418274,0,-0.04514789953827858]},{"pos":[-952.9791259765625,171.99960327148438,887.6353149414063,-0.04514789953827858,0,-0.9989803433418274,0,1,0,0.9989803433418274,0,-0.04514789953827858]},{"pos":[-952.9791259765625,171.99960327148438,887.6353149414063,-0.04514789953827858,0,-0.9989803433418274,0,1,0,0.9989803433418274,0,-0.04514789953827858]},{"pos":[-952.9791259765625,171.99960327148438,887.6353149414063,-0.04514789953827858,0,-0.9989803433418274,0,1,0,0.9989803433418274,0,-0.04514789953827858]},{"pos":[-952.9791259765625,171.99960327148438,887.6353149414063,-0.04514789953827858,0,-0.9989803433418274,0,1,0,0.9989803433418274,0,-0.04514789953827858]},{"pos":[-952.9791259765625,171.99960327148438,887.6353149414063,-0.04514789953827858,0,-0.9989803433418274,0,1,0,0.9989803433418274,0,-0.04514789953827858]},{"pos":[-952.9791259765625,171.99960327148438,887.6353149414063,-0.04514789953827858,0,-0.9989803433418274,0,1,0,0.9989803433418274,0,-0.04514789953827858]},{"pos":[-952.9791259765625,171.99960327148438,887.6353149414063,-0.04514789953827858,0,-0.9989803433418274,0,1,0,0.9989803433418274,0,-0.04514789953827858]},{"pos":[-952.9791259765625,171.99960327148438,887.6353149414063,-0.04514789953827858,0,-0.9989803433418274,0,1,0,0.9989803433418274,0,-0.04514789953827858]},{"pos":[-952.9791259765625,171.99960327148438,887.6353149414063,-0.04514789953827858,0,-0.9989803433418274,0,1,0,0.9989803433418274,0,-0.04514789953827858]},{"pos":[-952.9791259765625,171.99960327148438,887.6353149414063,-0.04514789953827858,0,-0.9989803433418274,0,1,0,0.9989803433418274,0,-0.04514789953827858]},{"pos":[-952.9791259765625,171.99960327148438,887.6353149414063,-0.04514789953827858,0,-0.9989803433418274,0,1,0,0.9989803433418274,0,-0.04514789953827858]},{"pos":[-952.9791259765625,171.99960327148438,887.6353149414063,-0.04514789953827858,0,-0.9989803433418274,0,1,0,0.9989803433418274,0,-0.04514789953827858]},{"pos":[-952.9791259765625,171.99960327148438,887.6353149414063,-0.04514789953827858,0,-0.9989803433418274,0,1,0,0.9989803433418274,0,-0.04514789953827858]},{"pos":[-952.9791259765625,171.99960327148438,887.6353149414063,-0.04514789953827858,0,-0.9989803433418274,0,1,0,0.9989803433418274,0,-0.04514789953827858]},{"pos":[-952.9791259765625,171.99960327148438,887.6353149414063,-0.04514789953827858,0,-0.9989803433418274,0,1,0,0.9989803433418274,0,-0.04514789953827858]},{"pos":[-952.9791259765625,171.99960327148438,887.6353149414063,-0.04514789953827858,0,-0.9989803433418274,0,1,0,0.9989803433418274,0,-0.04514789953827858]},{"pos":[-952.9791259765625,171.99960327148438,887.6353149414063,-0.04514789953827858,0,-0.9989803433418274,0,1,0,0.9989803433418274,0,-0.04514789953827858]},{"pos":[-952.9791259765625,171.99960327148438,887.6353149414063,-0.04514789953827858,0,-0.9989803433418274,0,1,0,0.9989803433418274,0,-0.04514789953827858]},{"pos":[-952.9791259765625,171.99960327148438,887.6353149414063,-0.04514789953827858,0,-0.9989803433418274,0,1,0,0.9989803433418274,0,-0.04514789953827858]},{"pos":[-952.9791259765625,171.99960327148438,887.6353149414063,-0.04514789953827858,0,-0.9989803433418274,0,1,0,0.9989803433418274,0,-0.04514789953827858]},{"pos":[-952.9791259765625,171.99960327148438,887.6353149414063,-0.04514789953827858,0,-0.9989803433418274,0,1,0,0.9989803433418274,0,-0.04514789953827858]},{"pos":[-952.9791259765625,171.99960327148438,887.6353149414063,-0.04514789953827858,0,-0.9989803433418274,0,1,0,0.9989803433418274,0,-0.04514789953827858]},{"pos":[-952.9791259765625,171.99960327148438,887.6353149414063,-0.04514789953827858,0,-0.9989803433418274,0,1,0,0.9989803433418274,0,-0.04514789953827858]},{"pos":[-952.9791259765625,171.99960327148438,887.6353149414063,-0.04514789953827858,0,-0.9989803433418274,0,1,0,0.9989803433418274,0,-0.04514789953827858]},{"pos":[-952.9791259765625,171.99960327148438,887.6353149414063,-0.04514789953827858,0,-0.9989803433418274,0,1,0,0.9989803433418274,0,-0.04514789953827858]},{"pos":[-952.9791259765625,171.99960327148438,887.6353149414063,-0.04514789953827858,0,-0.9989803433418274,0,1,0,0.9989803433418274,0,-0.04514789953827858]},{"pos":[-952.9791259765625,171.99960327148438,887.6353149414063,-0.04514789953827858,0,-0.9989803433418274,0,1,0,0.9989803433418274,0,-0.04514789953827858]},{"pos":[-952.9791259765625,171.99960327148438,887.6353149414063,-0.04514789953827858,0,-0.9989803433418274,0,1,0,0.9989803433418274,0,-0.04514789953827858]},{"pos":[-952.9791259765625,171.99960327148438,887.6353149414063,-0.04514789953827858,0,-0.9989803433418274,0,1,0,0.9989803433418274,0,-0.04514789953827858]},{"pos":[-952.9791259765625,171.99960327148438,887.6353149414063,-0.04514789953827858,0,-0.9989803433418274,0,1,0,0.9989803433418274,0,-0.04514789953827858]},{"pos":[-952.9791259765625,171.99960327148438,887.6353149414063,-0.04514789953827858,0,-0.9989803433418274,0,1,0,0.9989803433418274,0,-0.04514789953827858]},{"pos":[-952.9791259765625,171.99960327148438,887.6353149414063,-0.04514789953827858,0,-0.9989803433418274,0,1,0,0.9989803433418274,0,-0.04514789953827858]},{"pos":[-952.9791259765625,171.99960327148438,887.6353149414063,-0.04514789953827858,0,-0.9989803433418274,0,1,0,0.9989803433418274,0,-0.04514789953827858]},{"pos":[-952.9791259765625,171.99960327148438,887.6353149414063,-0.04514789953827858,0,-0.9989803433418274,0,1,0,0.9989803433418274,0,-0.04514789953827858]},{"pos":[-952.9791259765625,171.99960327148438,887.6353149414063,-0.04514789953827858,0,-0.9989803433418274,0,1,0,0.9989803433418274,0,-0.04514789953827858]},{"pos":[-952.9791259765625,171.99960327148438,887.6353149414063,-0.04514789953827858,0,-0.9989803433418274,0,1,0,0.9989803433418274,0,-0.04514789953827858]},{"pos":[-952.9791259765625,171.99960327148438,887.6353149414063,-0.04514789953827858,0,-0.9989803433418274,0,1,0,0.9989803433418274,0,-0.04514789953827858]},{"pos":[-952.9791259765625,171.99960327148438,887.6353149414063,-0.04514789953827858,0,-0.9989803433418274,0,1,0,0.9989803433418274,0,-0.04514789953827858]},{"pos":[-952.9791259765625,171.99960327148438,887.6353149414063,-0.04514789953827858,0,-0.9989803433418274,0,1,0,0.9989803433418274,0,-0.04514789953827858]},{"pos":[-952.9791259765625,171.99960327148438,887.6353149414063,-0.04514789953827858,0,-0.9989803433418274,0,1,0,0.9989803433418274,0,-0.04514789953827858]},{"pos":[-952.9791259765625,171.99960327148438,887.6353149414063,-0.04514789953827858,0,-0.9989803433418274,0,1,0,0.9989803433418274,0,-0.04514789953827858]},{"pos":[-952.9791259765625,171.99960327148438,887.6353149414063,-0.04514789953827858,0,-0.9989803433418274,0,1,0,0.9989803433418274,0,-0.04514789953827858]},{"pos":[-952.9791259765625,171.99960327148438,887.6353149414063,-0.04514789953827858,0,-0.9989803433418274,0,1,0,0.9989803433418274,0,-0.04514789953827858]},{"pos":[-952.9791259765625,171.99960327148438,887.6353149414063,-0.04514789953827858,0,-0.9989803433418274,0,1,0,0.9989803433418274,0,-0.04514789953827858]},{"pos":[-952.9791259765625,171.99960327148438,887.6353149414063,-0.04514789953827858,0,-0.9989803433418274,0,1,0,0.9989803433418274,0,-0.04514789953827858]},{"pos":[-952.9791259765625,171.99960327148438,887.6353149414063,-0.04514789953827858,0,-0.9989803433418274,0,1,0,0.9989803433418274,0,-0.04514789953827858]},{"pos":[-952.9791259765625,171.99960327148438,887.6353149414063,-0.04514789953827858,0,-0.9989803433418274,0,1,0,0.9989803433418274,0,-0.04514789953827858]},{"pos":[-952.9791259765625,171.99960327148438,887.6353149414063,-0.04514789953827858,0,-0.9989803433418274,0,1,0,0.9989803433418274,0,-0.04514789953827858]},{"pos":[-952.9791259765625,171.99960327148438,887.6353149414063,-0.04514789953827858,0,-0.9989803433418274,0,1,0,0.9989803433418274,0,-0.04514789953827858]},{"pos":[-952.9791259765625,171.99960327148438,887.6353149414063,-0.04514789953827858,0,-0.9989803433418274,0,1,0,0.9989803433418274,0,-0.04514789953827858]},{"pos":[-952.9791259765625,171.99960327148438,887.6353149414063,-0.04514789953827858,0,-0.9989803433418274,0,1,0,0.9989803433418274,0,-0.04514789953827858]},{"pos":[-952.9791259765625,171.99960327148438,887.6353149414063,-0.04514789953827858,0,-0.9989803433418274,0,1,0,0.9989803433418274,0,-0.04514789953827858]},{"pos":[-952.9791259765625,171.99960327148438,887.6353149414063,-0.04514789953827858,0,-0.9989803433418274,0,1,0,0.9989803433418274,0,-0.04514789953827858]},{"pos":[-952.9791259765625,171.99960327148438,887.6353149414063,-0.04514789953827858,0,-0.9989803433418274,0,1,0,0.9989803433418274,0,-0.04514789953827858]},{"pos":[-952.9791259765625,171.99960327148438,887.6353149414063,-0.04514789953827858,0,-0.9989803433418274,0,1,0,0.9989803433418274,0,-0.04514789953827858]},{"pos":[-952.9791259765625,171.99960327148438,887.6353149414063,-0.04514789953827858,0,-0.9989803433418274,0,1,0,0.9989803433418274,0,-0.04514789953827858]},{"pos":[-952.9791259765625,171.99960327148438,887.6353149414063,-0.04514789953827858,0,-0.9989803433418274,0,1,0,0.9989803433418274,0,-0.04514789953827858]},{"pos":[-952.9791259765625,171.99960327148438,887.6353149414063,-0.04514789953827858,0,-0.9989803433418274,0,1,0,0.9989803433418274,0,-0.04514789953827858]},{"pos":[-952.9791259765625,171.99960327148438,887.6353149414063,-0.04514789953827858,0,-0.9989803433418274,0,1,0,0.9989803433418274,0,-0.04514789953827858]},{"pos":[-952.9791259765625,171.99960327148438,887.6353149414063,-0.04514789953827858,0,-0.9989803433418274,0,1,0,0.9989803433418274,0,-0.04514789953827858]},{"pos":[-952.9791259765625,171.99960327148438,887.6353149414063,-0.04514789953827858,0,-0.9989803433418274,0,1,0,0.9989803433418274,0,-0.04514789953827858]},{"pos":[-952.9791259765625,171.99960327148438,887.6353149414063,-0.04514789953827858,0,-0.9989803433418274,0,1,0,0.9989803433418274,0,-0.04514789953827858]},{"pos":[-952.9791259765625,171.99960327148438,887.6353149414063,-0.04514789953827858,0,-0.9989803433418274,0,1,0,0.9989803433418274,0,-0.04514789953827858]},{"pos":[-952.9791259765625,171.99960327148438,887.6353149414063,-0.04514789953827858,0,-0.9989803433418274,0,1,0,0.9989803433418274,0,-0.04514789953827858]},{"pos":[-952.9791259765625,171.99960327148438,887.6353149414063,-0.04514789953827858,0,-0.9989803433418274,0,1,0,0.9989803433418274,0,-0.04514789953827858]},{"pos":[-952.9791259765625,171.99960327148438,887.6353149414063,-0.04514789953827858,0,-0.9989803433418274,0,1,0,0.9989803433418274,0,-0.04514789953827858]},{"pos":[-952.9791259765625,171.99960327148438,887.6353149414063,-0.04514789953827858,0,-0.9989803433418274,0,1,0,0.9989803433418274,0,-0.04514789953827858]},{"pos":[-952.9791259765625,171.99960327148438,887.6353149414063,-0.04514789953827858,0,-0.9989803433418274,0,1,0,0.9989803433418274,0,-0.04514789953827858]},{"pos":[-952.9791259765625,171.99960327148438,887.6353149414063,-0.04514789953827858,0,-0.9989803433418274,0,1,0,0.9989803433418274,0,-0.04514789953827858]},{"pos":[-952.9791259765625,171.99960327148438,887.6353149414063,-0.04514789953827858,0,-0.9989803433418274,0,1,0,0.9989803433418274,0,-0.04514789953827858]},{"pos":[-952.9791259765625,171.99960327148438,887.6353149414063,-0.04514789953827858,0,-0.9989803433418274,0,1,0,0.9989803433418274,0,-0.04514789953827858]},{"pos":[-952.9791259765625,171.99960327148438,887.6353149414063,-0.04514789953827858,0,-0.9989803433418274,0,1,0,0.9989803433418274,0,-0.04514789953827858]},{"pos":[-952.9791259765625,171.99960327148438,887.6353149414063,-0.04514789953827858,0,-0.9989803433418274,0,1,0,0.9989803433418274,0,-0.04514789953827858]},{"pos":[-952.9791259765625,171.99960327148438,887.6353149414063,-0.04514789953827858,0,-0.9989803433418274,0,1,0,0.9989803433418274,0,-0.04514789953827858]},{"pos":[-952.9791259765625,171.99960327148438,887.6353149414063,-0.04514789953827858,0,-0.9989803433418274,0,1,0,0.9989803433418274,0,-0.04514789953827858]},{"pos":[-952.9791259765625,171.99960327148438,887.6353149414063,-0.04514789953827858,0,-0.9989803433418274,0,1,0,0.9989803433418274,0,-0.04514789953827858]},{"pos":[-952.9791259765625,171.99960327148438,887.6353149414063,-0.04514789953827858,0,-0.9989803433418274,0,1,0,0.9989803433418274,0,-0.04514789953827858]},{"pos":[-952.9791259765625,171.99960327148438,887.6353149414063,-0.04514789953827858,0,-0.9989803433418274,0,1,0,0.9989803433418274,0,-0.04514789953827858]},{"pos":[-952.9791259765625,171.99960327148438,887.6353149414063,-0.04514789953827858,0,-0.9989803433418274,0,1,0,0.9989803433418274,0,-0.04514789953827858]},{"pos":[-952.9791259765625,171.99960327148438,887.6353149414063,-0.04514789953827858,0,-0.9989803433418274,0,1,0,0.9989803433418274,0,-0.04514789953827858]},{"pos":[-952.9791259765625,171.99960327148438,887.6353149414063,-0.19868415594100953,0,-0.9800635576248169,0,1,0,0.9800635576248169,0,-0.19868415594100953]},{"pos":[-952.9791259765625,171.99960327148438,887.6353149414063,-0.5936841368675232,0,-0.8046981692314148,0,1,0,0.8046981692314148,0,-0.5936841368675232]},{"pos":[-952.9791259765625,171.99960327148438,887.6353149414063,-0.7852255702018738,0,-0.6192098259925842,0,1,0,0.6192098259925842,0,-0.7852255702018738]},{"pos":[-952.9791259765625,171.99960327148438,887.6353149414063,-0.8903151154518127,0,-0.4553448557853699,0,1,0,0.4553448557853699,0,-0.8903151154518127]},{"pos":[-952.9791259765625,171.99960327148438,887.6353149414063,-0.9031298160552979,0,-0.4293676018714905,0,1,0,0.4293676018714905,0,-0.9031298160552979]},{"pos":[-952.9791259765625,171.99960327148438,887.6353149414063,-0.9044034481048584,0,-0.426678329706192,0,1,0,0.426678329706192,0,-0.9044034481048584]},{"pos":[-952.9791259765625,171.99960327148438,887.6353149414063,-0.9044034481048584,0,-0.426678329706192,0,1,0,0.426678329706192,0,-0.9044034481048584]},{"pos":[-952.9791259765625,171.99960327148438,887.6353149414063,-0.9044034481048584,0,-0.426678329706192,0,1,0,0.426678329706192,0,-0.9044034481048584]},{"pos":[-952.9791259765625,171.99960327148438,887.6353149414063,-0.9044034481048584,0,-0.426678329706192,0,1,0,0.426678329706192,0,-0.9044034481048584]},{"pos":[-952.9791259765625,171.99960327148438,887.6353149414063,-0.9044034481048584,0,-0.426678329706192,0,1,0,0.426678329706192,0,-0.9044034481048584]},{"pos":[-952.9791259765625,171.99960327148438,887.6353149414063,-0.9044034481048584,0,-0.426678329706192,0,1,0,0.426678329706192,0,-0.9044034481048584]},{"pos":[-952.9791259765625,171.99960327148438,887.6353149414063,-0.9044034481048584,0,-0.426678329706192,0,1,0,0.426678329706192,0,-0.9044034481048584]},{"pos":[-952.9791259765625,171.99960327148438,887.6353149414063,-0.9487343430519104,0,-0.3160746693611145,0,1,0,0.3160746693611145,0,-0.9487343430519104]},{"pos":[-952.9791259765625,171.99960327148438,887.6353149414063,-0.9453592300415039,0,-0.32603055238723757,0,1,0,0.32603055238723757,0,-0.9453592300415039]},{"pos":[-952.9791259765625,171.99960327148438,887.6353149414063,-0.8373127579689026,0,-0.546724259853363,0,1,0,0.546724259853363,0,-0.8373127579689026]},{"pos":[-952.9791259765625,171.99960327148438,887.6353149414063,-0.525215208530426,0,-0.8509694337844849,0,1,0,0.8509694337844849,0,-0.525215208530426]},{"pos":[-952.9791259765625,171.99960327148438,887.6353149414063,-0.060116879642009738,0,-0.9981913566589356,0,1,0,0.9981913566589356,0,-0.060116879642009738]},{"pos":[-952.9791259765625,171.99960327148438,887.6353149414063,0.3032492995262146,0,-0.9529112577438355,0,1,0,0.9529112577438355,0,0.3032492995262146]},{"pos":[-952.9791259765625,171.99960327148438,887.6353149414063,0.43518778681755068,0,-0.9003397226333618,0,1,0,0.9003397226333618,0,0.43518778681755068]},{"pos":[-952.9791259765625,171.99960327148438,887.6353149414063,0.48269128799438479,0,-0.8757905960083008,0,1,0,0.8757905960083008,0,0.48269128799438479]},{"pos":[-952.9791259765625,171.99960327148438,887.6353149414063,0.4883776605129242,0,-0.8726323843002319,0,1,0,0.8726323843002319,0,0.4883776605129242]},{"pos":[-952.9791259765625,171.99960327148438,887.6353149414063,0.4883776605129242,0,-0.8726323843002319,0,1,0,0.8726323843002319,0,0.4883776605129242]},{"pos":[-952.9791259765625,171.99960327148438,887.6353149414063,0.4883776605129242,0,-0.8726323843002319,0,1,0,0.8726323843002319,0,0.4883776605129242]},{"pos":[-952.9791259765625,171.99960327148438,887.6353149414063,0.4883776605129242,0,-0.8726323843002319,0,1,0,0.8726323843002319,0,0.4883776605129242]},{"pos":[-952.9791259765625,171.99960327148438,887.6353149414063,0.4883776605129242,0,-0.8726323843002319,0,1,0,0.8726323843002319,0,0.4883776605129242]},{"pos":[-952.9791259765625,171.99960327148438,887.6353149414063,0.4883776605129242,0,-0.8726323843002319,0,1,0,0.8726323843002319,0,0.4883776605129242]},{"pos":[-952.9791259765625,171.99960327148438,887.6353149414063,0.4883776605129242,0,-0.8726323843002319,0,1,0,0.8726323843002319,0,0.4883776605129242]},{"pos":[-952.7449340820313,172.00132751464845,887.5255126953125,0.48837772011756899,0,-0.8726323246955872,0,1,0,0.8726323246955872,0,0.48837772011756899]},{"pos":[-951.751708984375,172.02413940429688,886.9495849609375,0.48837772011756899,0,-0.8726323246955872,0,1,0,0.8726323246955872,0,0.48837772011756899]},{"pos":[-951.072509765625,172.0393524169922,886.5269165039063,0.4883776605129242,0,-0.8726323843002319,0,1,0,0.8726323843002319,0,0.4883776605129242]},{"pos":[-950.3999633789063,172.0458221435547,886.0935668945313,0.4883776307106018,0,-0.8726323843002319,0,1,0,0.8726323843002319,0,0.4883776307106018]},{"pos":[-949.7334594726563,172.04776000976563,885.6513061523438,0.48837757110595705,0,-0.8726324439048767,0,1,0,0.8726324439048767,0,0.48837757110595705]},{"pos":[-949.3828125,172.04843139648438,885.41748046875,0.48837754130363467,0,-0.8726324439048767,0,1,0,0.8726324439048767,0,0.48837754130363467]},{"pos":[-949.382080078125,172.04852294921876,885.4169311523438,0.48837748169898989,0,-0.8726324439048767,0,1,0,0.8726324439048767,0,0.48837748169898989]},{"pos":[-949.382080078125,172.04852294921876,885.4169311523438,0.45247751474380495,0,-0.8917758464813232,0,1,0,0.8917758464813232,0,0.45247751474380495]},{"pos":[-949.382080078125,172.04852294921876,885.4169311523438,0.3115309774875641,0,-0.9502360224723816,0,1,0,0.9502360224723816,0,0.3115309774875641]},{"pos":[-949.382080078125,172.04852294921876,885.4169311523438,0.11054134368896485,0,-0.9938715100288391,0,1,0,0.9938715100288391,0,0.11054134368896485]},{"pos":[-949.463134765625,172.04852294921876,885.3992309570313,0.07774041593074799,0,-0.9969736337661743,0,1,0,0.9969736337661743,0,0.07774041593074799]},{"pos":[-950.0106811523438,172.04852294921876,885.2533569335938,0.06723017990589142,0,-0.997737467288971,0,1,0,0.997737467288971,0,0.06723017990589142]},{"pos":[-950.781494140625,172.04852294921876,885.043701171875,0.0651400238275528,0,-0.9978761076927185,0,1,0,0.9978761076927185,0,0.0651400238275528]},{"pos":[-951.6517944335938,172.0452423095703,884.8146362304688,0.061124037951231,0,-0.998130202293396,0,1,0,0.998130202293396,0,0.061124037951231]},{"pos":[-952.0698852539063,172.03024291992188,884.70458984375,0.06112371012568474,0,-0.998130202293396,0,1,0,0.998130202293396,0,0.06112371012568474]},{"pos":[-952.0724487304688,172.03372192382813,884.7039184570313,0.061123695224523547,0,-0.998130202293396,0,1,0,0.998130202293396,0,0.061123695224523547]},{"pos":[-952.0724487304688,172.03431701660157,884.7039184570313,0.061123695224523547,0,-0.998130202293396,0,1,0,0.998130202293396,0,0.061123695224523547]},{"pos":[-952.0724487304688,172.0343780517578,884.7039184570313,0.061123695224523547,0,-0.998130202293396,0,1,0,0.998130202293396,0,0.061123695224523547]},{"pos":[-952.0724487304688,172.0343780517578,884.7039184570313,0.061123695224523547,0,-0.998130202293396,0,1,0,0.998130202293396,0,0.061123695224523547]},{"pos":[-952.0724487304688,172.0343780517578,884.7039184570313,0.061123695224523547,0,-0.998130202293396,0,1,0,0.998130202293396,0,0.061123695224523547]},{"pos":[-952.0724487304688,172.03440856933595,884.7039184570313,0.061123695224523547,0,-0.998130202293396,0,1,0,0.998130202293396,0,0.061123695224523547]},{"pos":[-952.0724487304688,172.03440856933595,884.7039184570313,0.061123695224523547,0,-0.998130202293396,0,1,0,0.998130202293396,0,0.061123695224523547]},{"pos":[-952.0724487304688,172.03440856933595,884.7039184570313,0.061123695224523547,0,-0.998130202293396,0,1,0,0.998130202293396,0,0.061123695224523547]},{"pos":[-952.0724487304688,172.03440856933595,884.7039184570313,0.061123695224523547,0,-0.998130202293396,0,1,0,0.998130202293396,0,0.061123695224523547]},{"pos":[-952.0724487304688,172.03440856933595,884.7039184570313,0.061123695224523547,0,-0.998130202293396,0,1,0,0.998130202293396,0,0.061123695224523547]},{"pos":[-952.0724487304688,172.03440856933595,884.7039184570313,0.061123695224523547,0,-0.998130202293396,0,1,0,0.998130202293396,0,0.061123695224523547]},{"pos":[-952.0724487304688,172.03440856933595,884.7039184570313,0.061123695224523547,0,-0.998130202293396,0,1,0,0.998130202293396,0,0.061123695224523547]},{"pos":[-952.0724487304688,172.03440856933595,884.7039184570313,0.061123695224523547,0,-0.998130202293396,0,1,0,0.998130202293396,0,0.061123695224523547]},{"pos":[-952.0724487304688,172.03440856933595,884.7039184570313,0.061123695224523547,0,-0.998130202293396,0,1,0,0.998130202293396,0,0.061123695224523547]},{"pos":[-952.0724487304688,172.03440856933595,884.7039184570313,0.061123695224523547,0,-0.998130202293396,0,1,0,0.998130202293396,0,0.061123695224523547]},{"pos":[-952.0724487304688,172.03440856933595,884.7039184570313,0.061123695224523547,0,-0.998130202293396,0,1,0,0.998130202293396,0,0.061123695224523547]},{"pos":[-952.0724487304688,172.03440856933595,884.7039184570313,0.061123695224523547,0,-0.998130202293396,0,1,0,0.998130202293396,0,0.061123695224523547]},{"pos":[-952.0724487304688,172.03440856933595,884.7039184570313,0.061123695224523547,0,-0.998130202293396,0,1,0,0.998130202293396,0,0.061123695224523547]},{"pos":[-952.0724487304688,172.03440856933595,884.7039184570313,0.061123695224523547,0,-0.998130202293396,0,1,0,0.998130202293396,0,0.061123695224523547]},{"pos":[-952.0724487304688,172.03440856933595,884.7039184570313,0.061123695224523547,0,-0.998130202293396,0,1,0,0.998130202293396,0,0.061123695224523547]},{"pos":[-952.0724487304688,172.03440856933595,884.7039184570313,0.061123695224523547,0,-0.998130202293396,0,1,0,0.998130202293396,0,0.061123695224523547]},{"pos":[-952.0724487304688,172.03440856933595,884.7039184570313,0.061123695224523547,0,-0.998130202293396,0,1,0,0.998130202293396,0,0.061123695224523547]},{"pos":[-952.0724487304688,172.03440856933595,884.7039184570313,0.061123695224523547,0,-0.998130202293396,0,1,0,0.998130202293396,0,0.061123695224523547]},{"pos":[-952.0724487304688,172.03440856933595,884.7039184570313,0.061123695224523547,0,-0.998130202293396,0,1,0,0.998130202293396,0,0.061123695224523547]},{"pos":[-952.0724487304688,172.03440856933595,884.7039184570313,0.061123695224523547,0,-0.998130202293396,0,1,0,0.998130202293396,0,0.061123695224523547]},{"pos":[-952.0724487304688,172.03440856933595,884.7039184570313,0.061123695224523547,0,-0.998130202293396,0,1,0,0.998130202293396,0,0.061123695224523547]},{"pos":[-952.0724487304688,172.03440856933595,884.7039184570313,0.061123695224523547,0,-0.998130202293396,0,1,0,0.998130202293396,0,0.061123695224523547]},{"pos":[-952.0724487304688,172.03440856933595,884.7039184570313,0.061123695224523547,0,-0.998130202293396,0,1,0,0.998130202293396,0,0.061123695224523547]},{"pos":[-952.0724487304688,172.03440856933595,884.7039184570313,0.061123695224523547,0,-0.998130202293396,0,1,0,0.998130202293396,0,0.061123695224523547]},{"pos":[-952.0724487304688,172.03440856933595,884.7039184570313,0.061123695224523547,0,-0.998130202293396,0,1,0,0.998130202293396,0,0.061123695224523547]},{"pos":[-952.0724487304688,172.03440856933595,884.7039184570313,0.061123695224523547,0,-0.998130202293396,0,1,0,0.998130202293396,0,0.061123695224523547]},{"pos":[-952.0724487304688,172.03440856933595,884.7039184570313,0.061123695224523547,0,-0.998130202293396,0,1,0,0.998130202293396,0,0.061123695224523547]},{"pos":[-952.0724487304688,172.03440856933595,884.7039184570313,0.061123695224523547,0,-0.998130202293396,0,1,0,0.998130202293396,0,0.061123695224523547]},{"pos":[-952.0724487304688,172.03440856933595,884.7039184570313,0.061123695224523547,0,-0.998130202293396,0,1,0,0.998130202293396,0,0.061123695224523547]},{"pos":[-952.0724487304688,172.03440856933595,884.7039184570313,0.061123695224523547,0,-0.998130202293396,0,1,0,0.998130202293396,0,0.061123695224523547]},{"pos":[-952.0724487304688,172.03440856933595,884.7039184570313,0.061123695224523547,0,-0.998130202293396,0,1,0,0.998130202293396,0,0.061123695224523547]},{"pos":[-952.0724487304688,172.03440856933595,884.7039184570313,0.061123695224523547,0,-0.998130202293396,0,1,0,0.998130202293396,0,0.061123695224523547]},{"pos":[-952.0724487304688,172.03440856933595,884.7039184570313,0.061123695224523547,0,-0.998130202293396,0,1,0,0.998130202293396,0,0.061123695224523547]},{"pos":[-952.0724487304688,172.03440856933595,884.7039184570313,0.061123695224523547,0,-0.998130202293396,0,1,0,0.998130202293396,0,0.061123695224523547]},{"pos":[-952.0724487304688,172.03440856933595,884.7039184570313,0.061123695224523547,0,-0.998130202293396,0,1,0,0.998130202293396,0,0.061123695224523547]},{"pos":[-952.0724487304688,172.03440856933595,884.7039184570313,0.061123695224523547,0,-0.998130202293396,0,1,0,0.998130202293396,0,0.061123695224523547]},{"pos":[-952.0724487304688,172.03440856933595,884.7039184570313,0.061123695224523547,0,-0.998130202293396,0,1,0,0.998130202293396,0,0.061123695224523547]},{"pos":[-952.0724487304688,172.03440856933595,884.7039184570313,0.061123695224523547,0,-0.998130202293396,0,1,0,0.998130202293396,0,0.061123695224523547]},{"pos":[-952.0724487304688,172.03440856933595,884.7039184570313,0.061123695224523547,0,-0.998130202293396,0,1,0,0.998130202293396,0,0.061123695224523547]},{"pos":[-952.0724487304688,172.03440856933595,884.7039184570313,0.061123695224523547,0,-0.998130202293396,0,1,0,0.998130202293396,0,0.061123695224523547]},{"pos":[-952.0724487304688,172.03440856933595,884.7039184570313,0.061123695224523547,0,-0.998130202293396,0,1,0,0.998130202293396,0,0.061123695224523547]},{"pos":[-952.0724487304688,172.03440856933595,884.7039184570313,0.061123695224523547,0,-0.998130202293396,0,1,0,0.998130202293396,0,0.061123695224523547]},{"pos":[-952.0724487304688,172.03440856933595,884.7039184570313,0.061123695224523547,0,-0.998130202293396,0,1,0,0.998130202293396,0,0.061123695224523547]},{"pos":[-952.0724487304688,172.03440856933595,884.7039184570313,0.061123695224523547,0,-0.998130202293396,0,1,0,0.998130202293396,0,0.061123695224523547]},{"pos":[-952.0724487304688,172.03440856933595,884.7039184570313,0.061123695224523547,0,-0.998130202293396,0,1,0,0.998130202293396,0,0.061123695224523547]},{"pos":[-952.0724487304688,172.03440856933595,884.7039184570313,0.061123695224523547,0,-0.998130202293396,0,1,0,0.998130202293396,0,0.061123695224523547]},{"pos":[-952.0724487304688,172.03440856933595,884.7039184570313,0.061123695224523547,0,-0.998130202293396,0,1,0,0.998130202293396,0,0.061123695224523547]},{"pos":[-952.0724487304688,172.03440856933595,884.7039184570313,0.061123695224523547,0,-0.998130202293396,0,1,0,0.998130202293396,0,0.061123695224523547]},{"pos":[-952.0724487304688,172.03440856933595,884.7039184570313,0.061123695224523547,0,-0.998130202293396,0,1,0,0.998130202293396,0,0.061123695224523547]},{"pos":[-952.0724487304688,172.03440856933595,884.7039184570313,0.061123695224523547,0,-0.998130202293396,0,1,0,0.998130202293396,0,0.061123695224523547]},{"pos":[-952.0724487304688,172.03440856933595,884.7039184570313,0.061123695224523547,0,-0.998130202293396,0,1,0,0.998130202293396,0,0.061123695224523547]},{"pos":[-952.0724487304688,172.03440856933595,884.7039184570313,0.061123695224523547,0,-0.998130202293396,0,1,0,0.998130202293396,0,0.061123695224523547]},{"pos":[-952.0724487304688,172.03440856933595,884.7039184570313,0.061123695224523547,0,-0.998130202293396,0,1,0,0.998130202293396,0,0.061123695224523547]},{"pos":[-952.0724487304688,172.03440856933595,884.7039184570313,0.061123695224523547,0,-0.998130202293396,0,1,0,0.998130202293396,0,0.061123695224523547]},{"pos":[-952.0724487304688,172.03440856933595,884.7039184570313,0.061123695224523547,0,-0.998130202293396,0,1,0,0.998130202293396,0,0.061123695224523547]},{"pos":[-952.0724487304688,172.03440856933595,884.7039184570313,0.061123695224523547,0,-0.998130202293396,0,1,0,0.998130202293396,0,0.061123695224523547]},{"pos":[-952.0724487304688,172.03440856933595,884.7039184570313,0.061123695224523547,0,-0.998130202293396,0,1,0,0.998130202293396,0,0.061123695224523547]},{"pos":[-952.0724487304688,172.03440856933595,884.7039184570313,0.061123695224523547,0,-0.998130202293396,0,1,0,0.998130202293396,0,0.061123695224523547]},{"pos":[-952.0724487304688,172.03440856933595,884.7039184570313,0.061123695224523547,0,-0.998130202293396,0,1,0,0.998130202293396,0,0.061123695224523547]},{"pos":[-952.0724487304688,172.03440856933595,884.7039184570313,0.061123695224523547,0,-0.998130202293396,0,1,0,0.998130202293396,0,0.061123695224523547]},{"pos":[-952.0724487304688,172.03440856933595,884.7039184570313,0.061123695224523547,0,-0.998130202293396,0,1,0,0.998130202293396,0,0.061123695224523547]},{"pos":[-952.0724487304688,172.03440856933595,884.7039184570313,0.061123695224523547,0,-0.998130202293396,0,1,0,0.998130202293396,0,0.061123695224523547]},{"pos":[-952.0724487304688,172.03440856933595,884.7039184570313,0.061123695224523547,0,-0.998130202293396,0,1,0,0.998130202293396,0,0.061123695224523547]},{"pos":[-952.0724487304688,172.03440856933595,884.7039184570313,0.061123695224523547,0,-0.998130202293396,0,1,0,0.998130202293396,0,0.061123695224523547]},{"pos":[-952.0724487304688,172.03440856933595,884.7039184570313,0.061123695224523547,0,-0.998130202293396,0,1,0,0.998130202293396,0,0.061123695224523547]},{"pos":[-952.0724487304688,172.03440856933595,884.7039184570313,0.061123695224523547,0,-0.998130202293396,0,1,0,0.998130202293396,0,0.061123695224523547]},{"pos":[-952.0724487304688,172.03440856933595,884.7039184570313,0.061123695224523547,0,-0.998130202293396,0,1,0,0.998130202293396,0,0.061123695224523547]},{"pos":[-952.0724487304688,172.03440856933595,884.7039184570313,0.061123695224523547,0,-0.998130202293396,0,1,0,0.998130202293396,0,0.061123695224523547]},{"pos":[-952.0724487304688,172.03440856933595,884.7039184570313,0.1343778669834137,0,-0.9909301400184631,0,1,0,0.9909301400184631,0,0.1343778669834137]},{"pos":[-952.0724487304688,172.03440856933595,884.7039184570313,0.061123695224523547,0,-0.998130202293396,0,1,0,0.998130202293396,0,0.061123695224523547]},{"pos":[-952.0724487304688,172.03440856933595,884.7039184570313,0.061123695224523547,0,-0.998130202293396,0,1,0,0.998130202293396,0,0.061123695224523547]},{"pos":[-952.0724487304688,172.03440856933595,884.7039184570313,0.061123695224523547,0,-0.998130202293396,0,1,0,0.998130202293396,0,0.061123695224523547]},{"pos":[-952.0724487304688,172.03440856933595,884.7039184570313,0.061123695224523547,0,-0.998130202293396,0,1,0,0.998130202293396,0,0.061123695224523547]},{"pos":[-952.0724487304688,172.03440856933595,884.7039184570313,0.061123695224523547,0,-0.998130202293396,0,1,0,0.998130202293396,0,0.061123695224523547]},{"pos":[-952.0724487304688,172.03440856933595,884.7039184570313,0.061123695224523547,0,-0.998130202293396,0,1,0,0.998130202293396,0,0.061123695224523547]},{"pos":[-952.0724487304688,172.03440856933595,884.7039184570313,0.061123695224523547,0,-0.998130202293396,0,1,0,0.998130202293396,0,0.061123695224523547]},{"pos":[-952.0724487304688,172.03440856933595,884.7039184570313,0.061123695224523547,0,-0.998130202293396,0,1,0,0.998130202293396,0,0.061123695224523547]},{"pos":[-952.0724487304688,172.03440856933595,884.7039184570313,0.061123695224523547,0,-0.998130202293396,0,1,0,0.998130202293396,0,0.061123695224523547]},{"pos":[-952.0724487304688,172.03440856933595,884.7039184570313,0.061123695224523547,0,-0.998130202293396,0,1,0,0.998130202293396,0,0.061123695224523547]},{"pos":[-952.0724487304688,172.03440856933595,884.7039184570313,0.061123695224523547,0,-0.998130202293396,0,1,0,0.998130202293396,0,0.061123695224523547]},{"pos":[-952.0724487304688,172.03440856933595,884.7039184570313,0.061123695224523547,0,-0.998130202293396,0,1,0,0.998130202293396,0,0.061123695224523547]},{"pos":[-952.0724487304688,172.03440856933595,884.7039184570313,0.061123695224523547,0,-0.998130202293396,0,1,0,0.998130202293396,0,0.061123695224523547]},{"pos":[-952.0724487304688,172.03440856933595,884.7039184570313,0.061123695224523547,0,-0.998130202293396,0,1,0,0.998130202293396,0,0.061123695224523547]},{"pos":[-952.0724487304688,172.03440856933595,884.7039184570313,0.061123695224523547,0,-0.998130202293396,0,1,0,0.998130202293396,0,0.061123695224523547]},{"pos":[-952.0724487304688,172.03440856933595,884.7039184570313,0.061123695224523547,0,-0.998130202293396,0,1,0,0.998130202293396,0,0.061123695224523547]},{"pos":[-952.0724487304688,172.03440856933595,884.7039184570313,0.061123695224523547,0,-0.998130202293396,0,1,0,0.998130202293396,0,0.061123695224523547]},{"pos":[-952.0724487304688,172.03440856933595,884.7039184570313,0.06